i	0	0	0	0	0.75	0	0	0	0	0	0	0	0	0	0	1	0	0	0	0	0	0
y	0	0	0	0	0.75	0	0	0	0	0	1	0	0	0	0	1	0	0	0	0	0	0
ɨ	0	0	0	0	0.75	0	0	0	0	0	0	0	0	0	0	1	1	0	0	0	0	0
ʉ	0	0	0	0	0.75	0	0	0	0	0	1	0	0	0	0	1	1	0	0	0	0	0
ɯ	0	0	0	0	0.75	0	0	0	0	0	0	0	0	0	0	0	1	0	0	0	0	0
u	0	0	0	0	0.75	0	0	0	0	0	1	0	0	0	0	0	1	0	0	0	0	0
ɪ	0	0	0	0	0.625	0	0	0	0	0	0	0	0	0	0	1	0	0	0	0	0	0
ʏ	0	0	0	0	0.625	0	0	0	0	0	1	0	0	0	0	1	0	0	0	0	0	0
ʊ	0	0	0	0	0.625	0	0	0	0	0	1	0	0	0	0	0	1	0	0	0	0	0
e	0	0	0	0	0.5	0	0	0	0	0	0	0	0	0	0	1	0	0	0	0	0	0
ø	0	0	0	0	0.5	0	0	0	0	0	1	0	0	0	0	1	0	0	0	0	0	0
ɘ	0	0	0	0	0.5	0	0	0	0	0	0	0	0	0	0	1	1	0	0	0	0	0
ɵ	0	0	0	0	0.5	0	0	0	0	0	1	0	0	0	0	1	1	0	0	0	0	0
ɤ	0	0	0	0	0.5	0	0	0	0	0	0	0	0	0	0	0	1	0	0	0	0	0
o	0	0	0	0	0.5	0	0	0	0	0	1	0	0	0	0	0	1	0	0	0	0	0
ə	0	0	0	0	0.375	0	0	0	0	0	0.5	0	0	0	0	1	1	0	0	0	0	0
ɚ	0	0	0	0	0.375	0	0	0	0	0	0.5	0	0	0	1	1	1	0	0	0	0	0
ɛ	0	0	0	0	0.25	0	0	0	0	0	0	0	0	0	0	1	0	0	0	0	0	0
œ	0	0	0	0	0.25	0	0	0	0	0	1	0	0	0	0	1	0	0	0	0	0	0
ɜ	0	0	0	0	0.25	0	0	0	0	0	0	0	0	0	0	1	1	0	0	0	0	0
ɝ	0	0	0	0	0.25	0	0	0	0	0	0	0	0	0	1	1	1	0	0	0	0	0
ɞ	0	0	0	0	0.25	0	0	0	0	0	1	0	0	0	0	1	1	0	0	0	0	0
ʌ	0	0	0	0	0.25	0	0	0	0	0	0	0	0	0	0	0	1	0	0	0	0	0
ɔ	0	0	0	0	0.25	0	0	0	0	0	1	0	0	0	0	0	1	0	0	0	0	0
æ	0	0	0	0	0.125	0	0	0	0	0	0	0	0	0	0	1	0	0	0	0	0	0
ɐ	0	0	0	0	0.125	0	0	0	0	0	0.5	0	0	0	0	1	1	0	0	0	0	0
a	0	0	0	0	0	0	0	0	0	0	0	0	0	0	0	1	0	0	0	0	0	0
ɶ	0	0	0	0	0	0	0	0	0	0	1	0	0	0	0	1	0	0	0	0	0	0
ä	0	0	0	0	0	0	0	0	0	0	0	0	0	0	0	1	1	0	0	0	0	0
ɑ	0	0	0	0	0	0	0	0	0	0	0	0	0	0	0	0	1	0	0	0	0	0
ɒ	0	0	0	0	0	0	0	0	0	0	1	0	0	0	0	0	1	0	0	0	0	0
m	0	0	0	0	1	1	0	0	0	0	0	1	0	0	0	0	0	0	0	0	0	0
ɱ	0	0	0	0	1	1	0	0	0	0	0	1	1	1	0	0	0	0	0	0	0	0
n	0	0	0	0	1	1	0	0	0	0	0	0	0	1	0	0	0	0	0	0	0	0
ɳ	0	0	0	0	1	1	0	0	0	0	0	0	0	0	1	0	0	0	0	0	0	0
ɲ	0	0	0	0	1	1	0	0	0	0	0	0	0	0	0	1	0	0	0	0	0	0
ŋ	0	0	0	0	1	1	0	0	0	0	0	0	0	0	0	0	1	0	0	0	0	0
ɴ	0	0	0	0	1	1	0	0	0	0	0	0	0	0	0	0	0	1	0	0	0	0
p	0	0	0	0	1	0	1	0	0	0	0	1	0	0	0	0	0	0	0	0	0	1
b	0	0	0	0	1	0	1	0	0	0	0	1	0	0	0	0	0	0	0	0	0	0
t	0	0	0	0	1	0	1	0	0	0	0	0	0	1	0	0	0	0	0	0	0	1
d	0	0	0	0	1	0	1	0	0	0	0	0	0	1	0	0	0	0	0	0	0	0
ʈ	0	0	0	0	1	0	1	0	0	0	0	0	0	0	1	0	0	0	0	0	0	1
ɖ	0	0	0	0	1	0	1	0	0	0	0	0	0	0	1	0	0	0	0	0	0	0
c	0	0	0	0	1	0	1	0	0	0	0	0	0	0	0	1	0	0	0	0	0	1
ɟ	0	0	0	0	1	0	1	0	0	0	0	0	0	0	0	1	0	0	0	0	0	0
k	0	0	0	0	1	0	1	0	0	0	0	0	0	0	0	0	1	0	0	0	0	1
ɡ	0	0	0	0	1	0	1	0	0	0	0	0	0	0	0	0	1	0	0	0	0	0
q	0	0	0	0	1	0	1	0	0	0	0	0	0	0	0	0	0	1	0	0	0	1
ɢ	0	0	0	0	1	0	1	0	0	0	0	0	0	0	0	0	0	1	0	0	0	0
ʡ	0	0	0	0	1	0	1	0	0	0	0	0	0	0	0	0	0	0	1	0	0	1
ʔ	0	0	0	0	1	0	1	0	0	0	0	0	0	0	0	0	0	0	0	1	0	1
s	0	0	0	0	1	0	0	1	0	0	0	0	0	1	0	0	0	0	0	0	0	1
z	0	0	0	0	1	0	0	1	0	0	0	0	0	1	0	0	0	0	0	0	0	0
ʃ	0	0	0	0	1	0	0	1	0	0	0	0	0	1	1	0	0	0	0	0	0	1
ʒ	0	0	0	0	1	0	0	1	0	0	0	0	0	1	1	0	0	0	0	0	0	0
ʂ	0	0	0	0	1	0	0	1	0	0	0	0	0	0	1	0	0	0	0	0	0	1
ʐ	0	0	0	0	1	0	0	1	0	0	0	0	0	0	1	0	0	0	0	0	0	0
ɕ	0	0	0	0	1	0	0	1	0	0	0	0	0	1	1	1	0	0	0	0	0	1
ʑ	0	0	0	0	1	0	0	1	0	0	0	0	0	1	1	1	0	0	0	0	0	0
ɸ	0	0	0	0	1	0	0	0	0	0	0	1	0	0	0	0	0	0	0	0	0	1
β	0	0	0	0	1	0	0	0	0	0	0	1	0	0	0	0	0	0	0	0	0	0
f	0	0	0	0	1	0	0	0	0	0	0	1	1	1	0	0	0	0	0	0	0	1
v	0	0	0	0	1	0	0	0	0	0	0	1	1	1	0	0	0	0	0	0	0	0
θ	0	0	0	0	1	0	0	0	0	0	0	0	1	1	0	0	0	0	0	0	0	1
ð	0	0	0	0	1	0	0	0	0	0	0	0	1	1	0	0	0	0	0	0	0	0
ç	0	0	0	0	1	0	0	0	0	0	0	0	0	0	0	1	0	0	0	0	0	1
ʝ	0	0	0	0	1	0	0	0	0	0	0	0	0	0	0	1	0	0	0	0	0	0
x	0	0	0	0	1	0	0	0	0	0	0	0	0	0	0	0	1	0	0	0	0	1
ɣ	0	0	0	0	1	0	0	0	0	0	0	0	0	0	0	0	1	0	0	0	0	0
χ	0	0	0	0	1	0	0	0	0	0	0	0	0	0	0	0	0	1	0	0	0	1
ʁ	0	0	0	0	1	0	0	0	0	0	0	0	0	0	0	0	0	1	0	0	0	0
ħ	0	0	0	0	1	0	0	0	0	0	0	0	0	0	0	0	0	0	1	0	0	1
ʕ	0	0	0	0	1	0	0	0	0	0	0	0	0	0	0	0	0	0	1	0	0	0
h	0	0	0	0	1	0	0	0	0	0	0	0	0	0	0	0	0	0	0	1	0	1
ɦ	0	0	0	0	1	0	0	0	0	0	0	0	0	0	0	0	0	0	0	1	0	0
ʋ	0	0	0	0	0.875	0	0	0	0	0	0	1	1	1	0	0	0	0	0	0	0	0
ɹ	0	0	0	0	0.875	0	0	0	0	0	0	0	0	1	0	0	0	0	0	0	0	0
ɻ	0	0	0	0	0.875	0	0	0	0	0	0	0	0	0	1	0	0	0	0	0	0	0
j	0	0	0	0	0.875	0	0	0	0	0	0	0	0	0	0	1	0	0	0	0	0	0
ɰ	0	0	0	0	0.875	0	0	0	0	0	0	0	0	0	0	0	1	0	0	0	0	0
ⱱ	0	0	0	0	1	0	1	0	1	0	0	1	1	1	0	0	0	0	0	0	0	0
ɾ	0	0	0	0	1	0	1	0	1	0	0	0	0	1	0	0	0	0	0	0	0	0
ɽ	0	0	0	0	1	0	1	0	1	0	0	0	0	0	1	0	0	0	0	0	0	0
ʙ	0	0	0	0	1	0	0	0	1	0	0	1	0	0	0	0	0	0	0	0	0	0
r	0	0	0	0	1	0	0	0	1	0	0	0	0	1	0	0	0	0	0	0	0	0
ʀ	0	0	0	0	1	0	0	0	1	0	0	0	0	0	0	0	0	1	0	0	0	0
ʜ	0	0	0	0	1	0	0	0	1	0	0	0	0	0	0	0	0	0	1	0	0	1
ʢ	0	0	0	0	1	0	0	0	1	0	0	0	0	0	0	0	0	0	1	0	0	0
ɬ	0	0	0	0	1	0	0	0	0	1	0	0	0	1	0	0	0	0	0	0	0	1
ɮ	0	0	0	0	1	0	0	0	0	1	0	0	0	1	0	0	0	0	0	0	0	0
ꞎ	0	0	0	0	1	0	0	0	0	1	0	0	0	0	1	0	0	0	0	0	0	1
𝼅	0	0	0	0	1	0	0	0	0	1	0	0	0	0	1	0	0	0	0	0	0	0
𝼆	0	0	0	0	1	0	0	0	0	1	0	0	0	0	0	1	0	0	0	0	0	0
𝼄	0	0	0	0	1	0	0	0	0	1	0	0	0	0	0	0	1	0	0	0	0	0
l	0	0	0	0	0.875	0	0	0	0	1	0	0	0	1	0	0	0	0	0	0	0	0
ɭ	0	0	0	0	0.875	0	0	0	0	1	0	0	0	0	1	0	0	0	0	0	0	0
ʎ	0	0	0	0	0.875	0	0	0	0	1	0	0	0	0	0	1	0	0	0	0	0	0
ʟ	0	0	0	0	0.875	0	0	0	0	1	0	0	0	0	0	0	1	0	0	0	0	0
ɺ	0	0	0	0	1	0	1	0	1	1	0	0	0	1	0	0	0	0	0	0	0	0
𝼈	0	0	0	0	1	0	1	0	1	1	0	0	0	0	1	0	0	0	0	0	0	0
ɥ	0	0	0	0	0.875	0	0	0	0	0	1	0	0	0	0	1	0	0	0	0	0	0
ʍ	0	0	0	0	0.875	0	0	0	0	0	1	0	0	0	0	0	1	0	0	0	0	1
w	0	0	0	0	0.875	0	0	0	0	0	1	0	0	0	0	0	1	0	0	0	0	0
ɫ	0	0	0	0	0.875	0	0	0	0	1	0	0	0	1	0	0	1	0	0	0	0	0
